4
41
89
7
4
10
4
9
4
7
8
5
8
6
2
4
10
3
8
1
8
10
8
10
1
7
8
4
8
8
9
6
2
5
2
7
4
6
6
10
4
3
6
3
8
9
7
10
1
6
10
9
6
9
8
6
8
7
1
5
4
2
10
7
6
4
3
2
1
10
1
4
2
6
8
2
5
4
3
7
10
2
7
7
3
6
4
10
2
7
4
7
42
58
5
8
8
8
8
9
8
3
1
6
1
4
2
6
6
10
7
9
7
5
1
2
9
2
6
7
5
4
4
10
9
10
9
8
8
7
6
7
1
8
4
3
1
5
9
8
7
5
7
3
10
9
4
10
1
9
6
5
-1
65
3
10
5
10
7
3
5
6
3
5
9
8
5
6
6
5
2
2
3
4
3
1
9
2
1
10
9
8
4
9
5
6
1
9
7
9
3
1
4
8
7
3
5
4
10
10
8
1
3
10
6
6
10
4
9
3
3
10
2
6
8
8
3
10
9
31
79
2
2
8
8
6
4
1
5
5
10
5
8
9
10
5
1
6
3
5
10
2
6
6
2
3
10
1
1
1
1
4
2
3
3
1
8
7
4
5
1
3
9
10
4
1
4
4
8
9
10
7
2
5
4
5
9
4
8
2
6
8
7
7
10
9
9
10
5
4
4
8
9
4
9
2
6
3
7
3
