daadabbadcabacbcccbdcccdbcccbbaadcbabbdaaaabbbdabdbbdcadaaacaadadacddabbbbbdcccbaabbbacacddbbbcbbdbd
1000
81 83
14 17
56 56
66 69
17 17
92 93
17 18
1 3
53 54
57 59
25 25
81 82
51 53
71 72
73 73
30 30
76 79
83 83
80 83
30 31
2 3
48 48
54 55
3 5
100 100
33 36
78 79
50 50
95 98
16 19
45 47
44 44
33 35
64 64
66 68
57 57
15 17
100 100
47 47
5 7
36 39
10 12
25 28
32 33
53 53
3 3
74 77
87 87
98 98
63 63
75 77
47 48
88 89
87 88
8 10
27 27
90 93
11 14
70 71
82 83
16 16
13 16
100 100
26 26
54 55
60 61
7 10
94 97
78 79
16 17
95 95
68 69
8 10
33 34
54 55
77 77
5 5
87 88
14 15
16 19
11 12
35 35
33 36
12 14
72 75
72 74
54 55
96 98
5 6
65 67
54 54
46 48
60 61
20 21
2 2
40 43
40 42
91 94
56 57
74 77
60 63
34 37
58 59
38 41
33 36
91 93
99 99
24 27
25 28
51 54
8 10
51 54
74 74
32 32
48 48
78 79
35 36
57 58
26 26
60 61
79 81
82 85
25 26
72 72
28 30
44 44
13 14
93 93
83 84
40 43
37 40
48 50
58 58
20 20
86 87
87 88
78 79
96 98
78 79
5 5
38 41
34 34
78 78
67 67
60 62
50 51
2 3
64 66
74 75
17 19
17 20
86 86
71 73
13 16
9 10
55 58
100 100
29 30
48 49
75 76
25 27
44 47
10 13
80 81
30 30
17 18
68 68
81 81
6 8
24 24
27 28
27 30
91 92
29 32
95 98
25 26
3 5
65 67
30 30
69 70
77 78
67 68
87 88
59 62
85 85
41 43
47 49
52 52
58 58
90 92
21 21
2 4
71 72
33 35
52 54
35 37
100 100
53 55
4 7
55 57
98 99
38 38
75 78
99 100
65 67
68 69
42 44
52 52
100 100
38 41
5 7
38 39
75 75
34 37
7 8
6 7
29 32
66 69
50 51
40 42
34 37
57 57
43 46
80 83
52 53
77 79
32 35
35 37
67 68
78 79
64 64
3 6
61 63
82 85
38 40
23 26
33 33
100 100
9 12
92 92
70 72
87 89
61 62
16 16
44 46
24 24
93 95
4 5
68 69
87 87
83 85
34 34
27 29
35 36
9 9
6 6
89 89
66 67
39 40
98 100
40 43
14 16
4 7
25 26
36 36
37 40
27 27
67 70
33 33
29 32
42 44
43 43
6 9
52 52
73 74
64 65
29 29
73 74
70 72
100 100
60 60
37 39
21 22
51 52
8 11
91 93
62 63
69 70
13 15
76 78
41 42
94 94
41 42
81 81
47 48
47 47
75 78
1 1
44 47
45 45
72 75
88 90
12 13
15 15
32 32
18 18
23 25
55 56
36 36
28 31
77 79
9 12
97 100
34 36
2 3
84 84
77 79
44 46
22 22
79 80
78 79
91 92
51 51
64 66
56 57
91 92
77 80
76 78
83 86
6 6
27 27
36 36
64 67
58 61
78 79
36 38
7 8
20 23
41 41
95 98
52 53
27 28
62 62
97 97
21 21
75 75
91 92
83 86
21 23
41 44
83 84
88 91
16 16
92 94
89 90
25 26
40 41
23 23
96 99
20 23
60 60
85 86
59 60
93 94
89 91
16 18
66 67
29 29
32 34
25 25
92 92
13 15
7 7
51 52
8 10
47 50
5 6
76 77
59 60
18 21
49 50
4 7
96 99
92 94
62 62
72 73
70 70
26 28
20 20
14 17
4 5
23 24
92 92
2 2
66 69
15 17
78 78
48 48
99 99
15 16
9 9
1 3
25 27
44 47
32 34
63 66
25 26
51 52
78 78
65 65
8 9
60 63
86 89
18 20
76 78
57 58
84 87
71 74
65 66
12 14
87 88
18 19
73 73
94 96
82 85
58 58
35 37
23 24
82 84
69 71
55 55
28 30
80 83
66 69
38 41
63 65
100 100
1 2
6 7
86 86
30 33
32 35
14 17
6 7
50 53
87 88
49 49
6 6
45 45
4 6
86 88
32 32
4 5
77 80
2 2
13 14
43 46
15 16
21 22
33 36
75 76
10 11
86 89
47 49
98 99
24 27
64 67
58 59
3 5
62 65
28 28
90 93
15 17
77 78
22 23
26 29
100 100
48 51
65 65
67 69
34 35
47 48
73 73
65 68
8 8
11 14
55 56
91 92
61 63
82 84
96 99
41 42
75 76
78 79
90 93
49 51
21 24
80 80
80 83
78 79
7 9
48 49
71 72
97 97
96 96
87 87
73 73
68 71
39 42
87 87
95 95
61 64
62 65
86 86
97 100
36 37
15 18
13 16
63 65
65 68
13 14
33 34
89 91
69 71
82 82
31 33
2 2
80 80
98 100
11 13
33 34
12 15
41 44
59 62
84 86
6 7
17 20
17 18
44 46
36 36
26 26
34 37
100 100
86 88
9 9
16 17
65 67
59 59
94 96
49 50
9 12
41 41
92 95
36 36
91 91
23 23
64 65
20 20
42 44
54 54
63 64
74 74
29 30
3 5
84 87
55 56
66 66
12 12
75 78
31 32
97 97
26 26
80 81
10 10
37 38
69 70
20 22
40 40
48 50
37 37
40 42
55 55
21 24
77 78
45 48
54 57
95 95
95 96
58 60
56 57
86 87
69 69
52 52
87 87
79 82
41 41
85 86
97 98
11 13
8 8
92 93
49 50
28 29
77 79
93 96
22 25
78 80
19 20
80 82
73 73
74 74
90 92
23 26
49 50
4 4
71 74
97 100
21 21
71 71
98 99
24 27
88 91
85 88
14 14
59 61
1 4
46 49
21 23
35 38
25 27
2 4
21 23
12 14
96 99
45 47
80 82
70 73
24 26
97 99
82 85
3 4
55 58
21 23
54 56
94 94
49 49
88 88
52 53
19 21
52 53
5 8
31 34
8 11
5 5
34 35
81 84
88 91
40 40
50 52
46 49
37 39
13 13
34 34
73 75
12 12
25 25
19 22
82 82
77 78
35 38
13 15
72 75
66 67
22 25
60 60
67 67
46 47
62 62
61 63
100 100
85 87
34 36
92 95
55 57
60 63
6 7
89 89
86 87
43 44
64 65
72 72
44 45
68 70
91 93
18 18
2 5
28 30
60 63
42 45
86 88
69 72
14 17
42 42
17 20
56 59
46 48
49 52
38 38
15 15
38 39
57 60
32 34
91 93
76 79
90 91
61 61
70 71
50 53
29 31
77 79
58 60
100 100
51 52
99 100
26 27
30 30
24 26
10 13
44 45
98 100
35 38
89 92
11 14
7 8
22 24
3 3
32 35
34 34
79 82
35 36
72 73
19 20
13 14
46 46
36 39
92 92
29 31
62 64
94 96
21 24
83 86
39 41
33 36
46 48
78 78
73 74
14 14
73 76
96 97
67 68
27 27
9 9
38 40
13 16
95 96
85 85
5 6
22 25
25 28
7 7
15 15
60 62
84 85
80 82
15 17
30 31
32 34
19 21
55 58
42 42
19 19
54 55
31 32
30 32
63 64
6 9
64 64
100 100
75 75
90 92
67 69
40 42
11 12
21 24
66 68
100 100
23 24
83 86
62 65
56 58
40 42
21 21
98 100
35 37
20 21
85 87
35 35
33 34
6 8
45 48
63 63
79 81
63 63
68 68
76 78
42 42
32 32
33 33
91 94
15 17
77 79
45 47
13 16
50 53
76 76
12 15
11 12
56 59
51 52
8 9
25 27
19 22
11 11
35 38
52 54
86 86
44 46
59 59
98 99
42 42
87 90
79 80
53 54
49 52
30 33
74 76
9 11
31 34
86 87
64 64
45 46
92 94
15 17
40 41
18 18
38 41
24 27
88 88
42 42
61 64
78 81
47 50
52 55
91 93
93 94
52 55
94 97
93 94
75 77
39 39
24 25
56 56
37 38
97 100
9 10
98 98
77 78
76 77
99 99
62 63
4 6
66 69
63 66
44 47
17 20
1 4
59 62
74 77
92 95
2 3
3 3
31 31
12 13
91 91
15 15
23 26
92 95
19 21
82 85
66 67
9 11
12 13
4 4
79 79
50 51
30 31
1 2
30 32
88 90
60 60
53 56
40 41
91 94
68 71
81 82
81 84
37 40
36 39
90 90
100 100
39 42
36 38
97 100
70 72
6 8
95 97
66 66
81 84
46 46
42 43
6 7
27 29
72 72
89 92
71 74
9 11
82 82
57 60
88 89
88 89
5 8
40 41
88 89
31 33
22 23
46 46
29 31
34 37
63 65
96 99
69 72
12 12
17 19
2 3
48 50
53 54
98 100
69 69
98 100
24 26
96 98
96 97
65 65
37 37
41 43
75 77
75 78
46 47
13 14
93 93
17 17
65 66
6 6
22 24
6 7
37 37
25 28
7 8
43 45
73 76
7 8
74 77
95 96
72 74
90 92
56 59
96 96
12 15
81 84
53 55
95 96
33 34
16 19
95 98
52 55
27 30
10 13
28 31
94 95
38 40